AB(D+C)c-(EFx-GHIx+GJx)=ABDc+ABCc-EFo+GHIx-GJx
5 3
1 2 3 4 5
1 2 4 6 7
1 4 8 9 3
3 4
1 2 3
5 6 7
4 8 1
7 2 9
4 7
1 3 7 8
5 2 3 9
6 3 8 1
5 6 3 2
46 34 43 2
45 43 23 56
9 5 4 4
4 7
1 3 7 8
5 2 3 9
6 3 8 1
5 6 3 2
46 34 43 2
45 43 23 56
9 5 4 4
5 4
1 6 3 2 9
5 2 3 7 1
8 7 4 3 2
9 5 3 2 8
4 7
1 3 7 8
5 2 3 9
6 3 8 1
5 6 3 2
46 34 43 2
45 43 23 56
9 5 4 4
5 3
1 5 2 3 8
8 6 2 5 3
7 4 2 5 9
3 2
1 2 8
7 5 2
2 7
1 3
8 9
4 9
2 5
45 6
33 23
45 22
3 7
8 3 9
4 2 1
6 3 2
8 9 0
5 43 6
3 5 7
34 6 34
7
1 2 3 4 4 2 4
7
3 4 5 6 3 4 5